11819 173
11802 168
11744 185
11739 181
11698 175
11641 181
11584 155
11525 173
11499 155
11458 155
11432 177
10632 165
11143 165
10948 150
10919 185
10885 183
10883 190
10881 183
10575 165
10542 176
10530 186
10490 155
10383 182
10347 175
9195 169
10279 179
10251 173
10207 175
10191 182
9817 195
10092 180
10036 169
9979 179
9941 169
9906 168
9822 169
9726 180
9697 179
9575 192
9565 175
9507 180
9486 190
9471 183
9369 160
9351 176
9324 183
9246 182
9211 176
9111 183
9107 172
9076 177
9036 160
8990 176
8977 164
8951 160
8933 175
8930 168
8915 190
8883 182
8783 172
8780 183
8635 183
8634 192
8561 193
4696 178
8547 179
8499 155
8469 193
8423 188
8393 175
8369 179
8363 172
8319 188
8217 184
8203 183
8155 184
8158 188
8090 171
8085 167
8076 155
8052 176
8015 200
7954 169
7915 187
7828 166
7757 162
7732 179
7708 163.195
7610 169
7163 186
7549 170
7547 155
7538 186
7311 172
7281 183
7244 187
7218 183
7189 187
7127 172
7119 188
7047 177
6981 163.195
6959 186
5633 160
6910 202
6814 176
6704 183
6545 184
6510 183
6247 183
6228 186
6103 183
4941 182
6056 183
6035 168
5912 180
5859 197
5853 185
5850 187
5792 172
5778 181
5773 178
5637 175
5552 170
5544 175
5514 180
5362 175
5310 175
5275 160
5226 172
5207 177
5130 171
5105 165
5093 165
4962 155
4935 183
16 183
4879 175
4825 186
4754 180
4715 168
4712 176
3303 182
4667 160
4671 169
4644 179
4580 175
4597 183
4577 175
4509 172
4342 183
4295 183
4360 172
4356 179
4290 175
4248 179
4029 177
4147 155
4065 175
4026 155
3992 178
3957 183
500 186
3930 155
3922 155
3882 185
3867 165
3821 183
3802 190
3751 157
3749 182
3682 183
3667 189
3639 174
3257 189
3422 155
3415 183
3317 180
3275 175
3267 163.195
3227 183
3170 188
3130 185
2928 178
2901 183
2849 183
2759 183
2746 173
2708 169
2705 181
2645 179
2512 155
2498 185
2421 181
2406 175
2385 168
2362 172
2238 170
2202 175
2166 157
2133 180
2000 155
1987 168
1848 183
1833 160
1686 183
1627 180
1599 181
1561 171
999 175
1409 160
1382 160
1221 195
1215 176
1192 178
1100 179
1112 183
1094 185
1085 178
1079 155
1071 180
685 165
1039 183
1022 190
972 179
926 195
912 155
898 190
854 180
839 182
835 182
609 182
820 177
816 187
810 186
808 183
803 165
792 181
779 177
328 184
651 179
637 188
613 185
602 183
583 178
574 178
26 188
512 188
502 160
481 182
35 180
441 178
463 175
380 183
357 183
352 155
347 155
339 180
325 175
330 188
295 172.72
276 177.8
216 193
241 183
262 188
258 180
203 155
199 189
177 168
146 180
141 193
139 177.8
137 188
99 176
64 188
14 155
8 171
11814 157.48
11795 165.1
11753 185.42
11526 162.56
10936 160.02
11562 190.5
1378 172.72
11531 185.42
11528 190.5
11520 165.1
11519 157.48
11515 177.8
11493 157.48
11441 162.56
11425 167.64
11173 160.02
11388 147.32
11397 162.56
11396 172.72
11135 165.1
11076 160.02
11069 152.4
11053 180.34
11015 157.48
10977 175.26
10984 182.88
10967 167.64
10962 160.02
10195 170.18
10868 149.86
10790 172.72
10785 167.64
10773 190.5
10770 167.64
8120 177.8
10702 165.1
10653 157.48
10635 162.56
10620 157.48
10586 180.34
10559 165.1
10523 156.21
10508 161.29
10448 160.02
10424 168.91
10430 157.48
10408 167.64
9360 160.02
10374 175.26
10348 190.5
10325 160.02
10302 172.72
9702 149.86
10260 162.56
10233 167.64
10171 170.18
10097 160.02
10093 182.88
10077 170.18
10074 157.48
10020 180.34
9974 160.02
9905 165.1
9869 175.26
9862 177.8
9849 177.8
9839 162.56
9835 157.48
9375 180.34
9784 167.64
9752 152.4
9743 165.1
9724 182.88
9720 172.72
9707 152.4
9672 170.18
9616 160.02
9568 187.96
9539 172.72
9528 160.02
9518 177.8
9516 190.5
9497 187.96
9485 172.72
9453 182.88
9427 180.34
9430 160.02
9413 180.34
9388 198.12
9380 157.48
9367 162.56
9336 190.5
9323 175.26
9314 167.64
9281 165.1
9278 157.48
9276 162.56
9274 172.72
9248 162.56
9247 193.04
9232 165.1
9218 175.26
9215 193.04
9185 170.18
9164 165.1
9129 167.64
9126 156.21
9112 190.5
9101 172.72
9081 175.26
9072 175.26
9046 162.56
9039 165.1
8991 172.72
8988 165.1
8934 182.88
8911 167.64
8905 157.48
8885 177.8
8864 160.02
8851 175.26
8844 193.04
8840 160.02
8818 170.18
8808 160.02
8803 172.72
8787 170.18
5943 160.02
8737 187.96
8739 170.18
8731 182.88
8734 177.8
8715 167.64
8707 162.56
8675 172.72
8666 177.8
8656 177.8
8655 162.56
8598 177.8
8592 172.72
8563 152.4
8554 185.42
8546 187.96
8538 160.02
8534 180.34
8529 162.56
8483 165.1
8466 170.18
8463 190.5
8449 170.18
8432 157.48
8427 165.1
8416 172.72
8387 170.18
8384 180.34
8383 162.56
8360 162.56
8327 170.18
8318 167.64
8314 170.18
8301 167.64
8274 170.18
8238 182.88
8206 170.18
8204 165.1
8184 167.64
8139 149.86
8134 162.56
8132 172.72
8129 177.8
8100 180.34
8089 175.26
8058 167.64
8049 180.34
6882 167.64
7992 177.8
7989 162.56
7968 180.34
7967 162.56
7959 158.75
7931 175.26
7912 170.18
7898 190.5
7876 177.8
7856 162.56
7841 160.02
7824 158.75
6861 167.64
7785 165.1
7783 182.88
7781 177.8
7759 165.1
7753 168.91
7735 149.86
3068 175.26
7707 160.02
7701 157.48
7693 162.56
6949 177.8
7688 157.48
7685 165.1
7657 172.72
7622 158.75
7639 157.48
7616 180.34
4185 167.64
7613 175.26
7597 152.4
7585 167.64
7572 175.26
7569 149.86
7567 180.34
7561 161.29
7527 175.26
7500 187.96
7493 152.4
7498 167.64
7485 170.18
7475 167.64
7470 170.18
7466 185.42
7454 177.8
7413 167.64
7379 172.72
7376 175.26
7372 175.26
7360 170.18
7359 172.72
4897 172.72
7339 172.72
7320 182.88
7307 170.18
4066 187.96
7297 162.56
7285 152.4
7280 167.64
7266 180.34
7252 180.34
7231 149.86
7229 180.34
7228 180.34
7214 172.72
7195 180.34
7190 172.72
7184 152.4
7153 190.5
7144 180.34
7141 165.1
7134 177.8
7099 162.56
7098 180.34
7089 160.02
7053 170.18
7028 182.88
7020 182.88
7011 172.72
6993 149.86
6971 160.02
6965 160.02
6943 182.88
6935 175.26
6916 152.4
6885 160.02
6873 177.8
6869 149.86
6866 170.18
6858 172.72
6832 167.64
6828 175.26
6815 162.56
6805 157.48
6793 160.02
6745 180.34
6725 182.88
6699 152.4
6695 160.02
6667 185.42
6665 167.64
6639 157.48
6633 175.26
6583 162.56
6589 190.5
6573 152.4
6560 160.02
6493 160.02
6263 180.34
6483 160.02
6381 190.5
6373 190.5
6367 175.26
6321 157.48
6296 177.8
6257 162.56
6238 172.72
6221 167.64
6204 157.48
6191 162.56
6189 167.64
6184 149.86
6182 157.48
6169 180.34
6156 177.8
6127 175.26
6124 167.64
6120 159.385
6117 170.18
6093 157.48
6074 177.8
5961 187.96
5935 175.26
5918 157.48
5917 170.18
5221 167.64
5900 172.72
5868 160.02
5866 172.72
5857 182.88
5844 175.26
5820 149.86
5815 182.88
5800 177.8
5797 167.64
5795 190.5
5621 182.88
5743 182.88
5741 167.64
5719 162.56
5727 182.88
2969 152.4
5612 177.8
4735 167.64
5581 161.29
5573 167.64
5559 187.96
5536 167.64
5527 170.18
5521 152.4
5516 165.1
5515 177.8
5506 157.48
5502 167.64
5494 172.72
5487 165.1
5480 165.1
5475 187.96
5460 162.56
5456 175.26
5435 157.48
5432 175.26
5425 170.18
5185 172.72
5352 172.72
5342 165.1
4267 167.64
5330 165.1
5301 180.34
5323 162.56
5284 158.75
5283 193.04
5278 167.64
5276 162.56
5249 167.64
5241 170.18
5235 187.96
5233 170.18
5211 160.02
5206 165.1
5192 167.64
5199 187.96
5190 157.48
5182 157.48
5180 175.26
5169 170.18
5168 172.72
5146 175.26
5107 152.4
5103 165.1
5099 172.72
5098 160.02
5066 170.18
5048 170.18
5044 167.64
5034 167.64
5027 180.34
4996 170.18
4985 165.1
4979 168.91
4954 172.72
4952 170.18
4939 190.5
4584 180.34
4583 187.96
4910 167.64
4864 172.72
1691 185.42
4880 170.18
4842 165.1
4834 165.1
4813 157.48
4801 172.72
4797 172.72
4732 156.21
4756 177.8
4718 172.72
4703 170.18
4697 160.02
4680 160.02
4654 158.75
4552 170.18
4641 164.465
4614 190.5
4613 175.26
4604 165.1
4602 185.42
4585 172.72
4569 180.34
4568 160.02
4558 182.88
4555 165.1
4547 165.1
4546 170.18
4539 185.42
4538 175.26
4532 165.1
4522 162.56
4502 185.42
4500 177.8
4499 160.02
4483 157.48
4482 177.8
4372 190.5
4468 157.48
4460 167.64
4440 160.02
4438 157.48
4428 172.72
4425 187.96
1111 172.72
925 167.64
4412 157.48
4381 170.18
4359 160.02
4351 165.1
4292 170.18
4271 160.02
4252 182.88
4200 170.18
4198 176.53
4195 175.26
4194 195.58
4181 167.64
4178 177.8
4170 167.64
4143 190.5
4133 162.56
4130 160.02
4111 172.72
4095 162.56
4084 175.26
4064 162.56
3974 162.56
4057 187.96
4055 162.56
4048 160.02
4041 158.75
4034 180.34
4030 180.34
4021 182.88
4018 160.02
4012 167.64
4009 193.04
3998 162.56
3990 162.56
3987 193.04
3964 180.34
3948 172.72
3952 180.34
3942 185.42
3934 170.18
3923 158.75
3913 160.02
3912 160.02
3886 162.56
3885 170.18
3881 168.91
3866 190.5
3865 165.1
3862 185.42
3858 167.64
3834 172.72
3813 180.34
3799 172.72
3777 177.8
3767 157.48
3733 177.8
3730 170.18
3713 172.72
3695 170.18
3689 170.18
3688 162.56
3680 172.72
3672 160.02
3671 162.56
3660 157.48
3642 193.04
3626 167.64
3622 168.91
3582 172.72
3581 175.26
3571 175.26
3547 158.75
991 172.72
3532 170.18
3531 160.02
3495 175.26
3486 172.72
3478 162.56
3459 162.56
1104 157.48
3400 185.42
3397 162.56
3395 170.18
3381 180.34
3370 170.18
3364 152.4
3343 172.72
3341 157.48
3326 180.34
3321 162.56
3306 177.8
3289 160.02
3280 165.1
3277 170.18
3265 187.96
3211 182.88
3196 157.48
3192 165.1
3186 142.24
3179 160.02
3167 193.04
3158 158.75
3145 177.8
3140 165.1
3124 177.8
3122 167.64
3080 162.56
3064 175.26
3050 180.34
3046 152.4
3034 175.26
3025 170.18
3015 187.96
3018 176.53
2983 162.56
2971 157.48
2966 152.4
2874 187.96
2964 167.64
2953 182.88
2925 170.18
2912 193.04
2907 182.88
2903 175.26
2890 172.72
2887 193.04
2881 175.26
2858 160.02
2850 157.48
2841 162.56
2839 162.56
2826 187.96
2797 172.72
2760 167.64
2758 177.8
2755 165.1
2732 175.26
2720 165.1
2715 162.56
2707 198.12
2699 175.26
2692 177.8
2691 160.02
2676 190.5
2673 190.5
1964 190.5
2662 165.1
2660 177.8
2636 162.56
2635 162.56
2616 180.34
2576 152.4
2574 172.72
2571 149.86
2570 177.8
2568 193.04
2557 185.42
2535 177.8
2456 193.04
2516 175.26
2506 172.72
2504 177.8
2457 162.56
2455 162.56
2412 160.02
2402 185.42
2399 167.64
2398 170.18
2393 172.72
2356 152.4
2361 175.26
2358 170.18
2322 175.26
2314 165.1
2307 167.64
2297 157.48
2293 162.56
2291 193.04
2288 152.4
2287 172.72
2279 177.8
2276 162.56
2274 172.72
1472 157.48
2225 170.18
2214 177.8
2207 190.5
2199 165.1
2189 175.26
2177 187.96
2159 167.64
2158 162.56
2153 182.88
2151 195.58
2101 175.26
2106 165.1
2099 160.02
2076 177.8
2075 160.02
2070 172.72
2052 185.42
2050 165.1
2034 172.72
2031 180.34
1952 180.34
2023 175.26
2013 190.5
2008 162.56
2004 167.64
1996 167.64
1985 185.42
1984 170.18
1980 195.58
1970 162.56
1968 157.48
1887 180.34
1879 170.18
1871 157.48
1825 187.96
1777 187.96
1785 162.56
1764 175.26
1759 165.1
1742 160.02
1738 177.8
1737 167.64
1735 170.18
885 182.88
1718 185.42
1712 165.1
1678 170.18
1647 162.56
1641 185.42
1578 170.18
1566 182.88
1525 177.8
1514 172.72
1503 152.4
1499 157.48
1491 160.02
1470 177.8
1465 160.02
1459 142.24
1447 157.48
1412 177.8
1403 157.48
1392 172.72
1390 160.02
1384 177.8
1379 162.56
1375 160.02
1366 172.72
1312 162.56
1325 165.1
1290 180.34
1288 167.64
1269 160.02
1258 160.02
1235 162.56
1233 165.1
1227 185.42
1213 162.56
1201 170.18
1196 172.72
1193 168.91
1190 172.72
1173 165.1
1172 165.1
1171 172.72
1163 180.34
1165 167.64
1147 170.18
1084 180.34
1131 170.18
1125 182.88
1121 157.48
1114 193.04
1033 190.5
1103 167.64
1089 170.18
1081 162.56
1080 167.64
1078 162.56
1077 185.42
1075 157.48
1074 165.1
1063 190.5
1060 190.5
1059 182.88
1058 165.1
1046 175.26
1040 177.8
1038 162.56
1035 167.64
1029 162.56
1020 172.72
319 157.48
1010 182.88
990 165.1
966 172.72
954 182.88
952 203.2
945 177.8
669 180.34
943 170.18
918 167.64
916 182.88
915 182.88
466 175.26
903 182.88
899 167.64
887 172.72
881 187.96
842 160.02
832 185.42
811 165.1
807 177.8
758 180.34
782 170.18
777 170.18
775 177.8
762 162.56
754 182.88
749 180.34
748 170.18
735 165.1
734 160.02
726 180.34
721 160.02
717 190.5
703 172.72
704 177.8
180 185.42
693 185.42
684 170.18
678 182.88
675 160.02
610 172.72
650 173.99
646 170.18
644 172.72
595 170.18
594 180.34
503 167.64
589 190.5
187 185.42
580 160.02
579 170.18
569 175.26
563 172.72
561 162.56
556 172.72
539 165.1
533 185.42
528 162.56
497 182.88
495 157.48
488 160.02
483 162.56
468 160.02
345 172.72
437 172.72
429 170.18
397 185.42
11 177.8
366 182.88
86 177.8
341 160.02
160 172.72
337 182.88
17 172.72
305 177.8
294 187.96
288 165.1
285 185.42
279 167.64
279 167.64
279 167.64
268 162.56
266 165.1
251 165.1
159 165.1
158 177.8
154 172.72
123 177.8
80 187.96
71 167.64
40 175.26
60 172.72
33 172.72
