10559 10559
10828 10828
10093 10093
10058 10058
10765 10765
10520 10520
10074 10074
10171 10171
10347 10347
10926 10926
10142 10142
10388 10388
10583 10583
10489 10489
10141 10141
10868 10868
10507 10507
10420 10420
10279 10279
10195 10195
10414 10414
10302 10302
10885 10885
10986 10986
10523 10523
10620 10620
10123 10123
10834 10834
10497 10497
10325 10325
10430 10430
11008 11008
10883 10883
10233 10233
10702 10702
10959 10959
10477 10477
10781 10781
10770 10770
10632 10632
10919 10919
10077 10077
10575 10575
10362 10362
10339 10339
10191 10191
10207 10207
10020 10020
10967 10967
10469 10469
10012 10012
10080 10080
1424 1424
11669 11669
11758 11758
11796 11796
11441 11441
11739 11739
11087 11087
11388 11388
1275 1275
11819 11819
11698 11698
11585 11585
11141 11141
11641 11641
1450 1450
11822 11822
11432 11432
11425 11425
11525 11525
11128 11128
11143 11143
11802 11802
11509 11509
11529 11529
1173 1173
1525 1525
1775 1775
1885 1885
2651 2651
3087 3087
3998 3998
3448 3448
4460 4460
4585 4585
4547 4547
4584 4584
4641 4641
4577 4577
4939 4939
5249 5249
5792 5792
6617 6617
651 651
6866 6866
6639 6639
656 656
6805 6805
6545 6545
6483 6483
6829 6829
6731 6731
6873 6873
6851 6851
6734 6734
6363 6363
6889 6889
6810 6810
6613 6613
6263 6263
6677 6677
6699 6699
6560 6560
6745 6745
6812 6812
6791 6791
6583 6583
6943 6943
7358 7358
6985 6985
7098 7098
7199 7199
7320 7320
7544 7544
7611 7611
7610 7610
7082 7082
7080 7080
7266 7266
7405 7405
7198 7198
7359 7359
7092 7092
6910 6910
7047 7047
7184 7184
7053 7053
7312 7312
7119 7119
7218 7218
7114 7114
7195 7195
6936 6936
7379 7379
7450 7450
7382 7382
7280 7280
7485 7485
6952 6952
7504 7504
7292 7292
7252 7252
7072 7072
7163 7163
7153 7153
7232 7232
7144 7144
7336 7336
7466 7466
7231 7231
7393 7393
7258 7258
7446 7446
7783 7783
8393 8393
8046 8046
8041 8041
8134 8134
8184 8184
7948 7948
8060 8060
8383 8383
7945 7945
8139 8139
8217 8217
8336 8336
7968 7968
7787 7787
8384 8384
7905 7905
8237 8237
7700 7700
7685 7685
7898 7898
8203 8203
7929 7929
7711 7711
8266 8266
8138 8138
7841 7841
8206 8206
8135 8135
8417 8417
7639 7639
8089 8089
8120 8120
7923 7923
7657 7657
7824 7824
8100 8100
8058 8058
7967 7967
8178 8178
8314 8314
8291 8291
8155 8155
8238 8238
8246 8246
7915 7915
8073 8073
8554 8554
8930 8930
8783 8783
9143 9143
8594 8594
8675 8675
9248 9248
9135 9135
8734 8734
8598 8598
8864 8864
9187 9187
9076 9076
9211 9211
8463 8463
9126 9126
9146 9146
8563 8563
8729 8729
9215 9215
8985 8985
8936 8936
8803 8803
9246 9246
9024 9024
9133 9133
8840 8840
9158 9158
8449 8449
8787 8787
9079 9079
8988 8988
8933 8933
9174 9174
8808 8808
8632 8632
8483 8483
8423 8423
8911 8911
8635 8635
9101 9101
8915 8915
9119 9119
8978 8978
8851 8851
8852 8852
8951 8951
9220 9220
8818 8818
8731 8731
9072 9072
8905 8905
8788 8788
9112 9112
8599 8599
9188 9188
8780 8780
9720 9720
9489 9489
9635 9635
9796 9796
9672 9672
9568 9568
9450 9450
9724 9724
9518 9518
9589 9589
9702 9702
9372 9372
9541 9541
9360 9360
9283 9283
9565 9565
9276 9276
9869 9869
9486 9486
9527 9527
9726 9726
9575 9575
9375 9375
9453 9453
9561 9561
9274 9274
9871 9871
9307 9307
9468 9468
9516 9516
9430 9430
9735 9735
9719 9719
9969 9969
9421 9421
9369 9369
972 972
9920 9920
9457 9457
9817 9817
9367 9367
9262 9262
9616 9616
9743 9743
9803 9803
9380 9380
9799 9799
9324 9324
9979 9979
9804 9804
9351 9351
