1 1
1081 1081
1050 1050
1403 1403
1472 1472
11515 11515
1452 1452
1952 1952
1738 1738
1871 1871
2070 2070
2662 2662
2275 2275
2629 2629
2304 2304
2316 2316
2746 2746
3192 3192
288 288
3234 3234
2856 2856
3043 3043
3985 3985
339 339
4012 4012
3370 3370
3423 3423
3397 3397
4010 4010
4179 4179
4428 4428
4343 4343
4170 4170
4667 4667
4292 4292
512 512
4952 4952
4705 4705
5853 5853
580 580
5641 5641
6314 6314
6722 6722
6879 6879
6793 6793
637 637
6900 6900
734 734
9195 9195
8934 8934
9530 9530
937 937
9399 9399
9429 9429
991 991
