10645 10645
10653 10653
10106 10106
1042 1042
1 1
10383 10383
10448 10448
10093 10093
10232 10232
10572 10572
10058 10058
10790 10790
10635 10635
10188 10188
10520 10520
11062 11062
10347 10347
1084 1084
10785 10785
10962 10962
10530 10530
10977 10977
10881 10881
10897 10897
10195 10195
10414 10414
1035 1035
1081 1081
11053 11053
1078 1078
10424 10424
1050 1050
10508 10508
10834 10834
10430 10430
10984 10984
10827 10827
10883 10883
1074 1074
11012 11012
10097 10097
10100 10100
10959 10959
10477 10477
10384 10384
10036 10036
10632 10632
10773 10773
1092 1092
10919 10919
10575 10575
10362 10362
10246 10246
10586 10586
10490 10490
10964 10964
10492 10492
1059 1059
10381 10381
1104 1104
10260 10260
11069 11069
11462 11462
11753 11753
11531 11531
11795 11795
11790 11790
11562 11562
11758 11758
1404 1404
11135 11135
11393 11393
1426 1426
11519 11519
11739 11739
1259 1259
11526 11526
1183 1183
11377 11377
11828 11828
11548 11548
11520 11520
11747 11747
11502 11502
11458 11458
11515 11515
11585 11585
11641 11641
11584 11584
1393 1393
1171 1171
1450 1450
11125 11125
11432 11432
1121 1121
11525 11525
11143 11143
11528 11528
11397 11397
11557 11557
1147 1147
11700 11700
11360 11360
11396 11396
11744 11744
11785 11785
1491 1491
1239 1239
11499 11499
1715 1715
1772 1772
1674 1674
1952 1952
1964 1964
1561 1561
1731 1731
1647 1647
1564 1564
1625 1625
1599 1599
1871 1871
1987 1987
1777 1777
1968 1968
1595 1595
1691 1691
1735 1735
1737 1737
1532 1532
1669 1669
1519 1519
2665 2665
2393 2393
2288 2288
26 26
2047 2047
215 215
2207 2207
2694 2694
2041 2041
203 203
2358 2358
2203 2203
2506 2506
2040 2040
2574 2574
2571 2571
2673 2673
2334 2334
2636 2636
2053 2053
2101 2101
2651 2651
2028 2028
2412 2412
3267 3267
2705 2705
3303 3303
2748 2748
3097 3097
3048 3048
3170 3170
3068 3068
2746 2746
2732 2732
3124 3124
3185 3185
3321 3321
3320 3320
2953 2953
3087 3087
2707 2707
2708 2708
3357 3357
3015 3015
305 305
3082 3082
2839 2839
3025 3025
2718 2718
2894 2894
288 288
2729 2729
3050 3050
2715 2715
3277 3277
3199 3199
2856 2856
2928 2928
3301 3301
3224 3224
2903 2903
3733 3733
3395 3395
3957 3957
3459 3459
3858 3858
3985 3985
3494 3494
3381 3381
3833 3833
3624 3624
3547 3547
339 339
3799 3799
3993 3993
3672 3672
3952 3952
3971 3971
3671 3671
3571 3571
36 36
3626 3626
3540 3540
3393 3393
3822 3822
3782 3782
3595 3595
3660 3660
3688 3688
3998 3998
3767 3767
3448 3448
3397 3397
3751 3751
3886 3886
35 35
3885 3885
3867 3867
4614 4614
4460 4460
4652 4652
4304 4304
4021 4021
4585 4585
4030 4030
4604 4604
4207 4207
4468 4468
4490 4490
4546 4546
4552 4552
4297 4297
4430 4430
4171 4171
4638 4638
4532 4532
4425 4425
4502 4502
4613 4613
4584 4584
4042 4042
42 42
4641 4641
429 429
4568 4568
4111 4111
4213 4213
4041 4041
4133 4133
4176 4176
4667 4667
4583 4583
4178 4178
4360 4360
4538 4538
4369 4369
4064 4064
4252 4252
4235 4235
4602 4602
4440 4440
4224 4224
4644 4644
4026 4026
4412 4412
4597 4597
4135 4135
4598 4598
4204 4204
4522 4522
4577 4577
4558 4558
4654 4654
4555 4555
4198 4198
5213 5213
4738 4738
5301 5301
5027 5027
488 488
4796 4796
5172 5172
5164 5164
4954 4954
5226 5226
5066 5066
5170 5170
5154 5154
5283 5283
5169 5169
4928 4928
5034 5034
5107 5107
4947 4947
4939 4939
4832 4832
5192 5192
5241 5241
5221 5221
5099 5099
5235 5235
5237 5237
5278 5278
4864 4864
5103 5103
4754 4754
4834 4834
4880 4880
4696 4696
5249 5249
5275 5275
5199 5199
5024 5024
5041 5041
5267 5267
4732 4732
4705 4705
4917 4917
5330 5330
4996 4996
5176 5176
4910 4910
4925 4925
5258 5258
5943 5943
5888 5888
5902 5902
5998 5998
5844 5844
5867 5867
5628 5628
6020 6020
5672 5672
5709 5709
5362 5362
6 6
5815 5815
5359 5359
5853 5853
5859 5859
5494 5494
5559 5559
5633 5633
5795 5795
5480 5480
5768 5768
5573 5573
5728 5728
5351 5351
5502 5502
5596 5596
6042 6042
5485 5485
5659 5659
5612 5612
5536 5536
5895 5895
5583 5583
6035 6035
5611 5611
542 542
5790 5790
5544 5544
5810 5810
5727 5727
5857 5857
5501 5501
5775 5775
5826 5826
5531 5531
5961 5961
5792 5792
5666 5666
5641 5641
5935 5935
5514 5514
5913 5913
5868 5868
5581 5581
579 579
60 60
5912 5912
6056 6056
5506 5506
6725 6725
6634 6634
6131 6131
607 607
6108 6108
6235 6235
6187 6187
6182 6182
6738 6738
6869 6869
6184 6184
6599 6599
6314 6314
6885 6885
6228 6228
6221 6221
6387 6387
6545 6545
6117 6117
6366 6366
675 675
6341 6341
6780 6780
6731 6731
6321 6321
6689 6689
6704 6704
6722 6722
6189 6189
6250 6250
6296 6296
6879 6879
6493 6493
6706 6706
6127 6127
6191 6191
6695 6695
6348 6348
6077 6077
6085 6085
6206 6206
6633 6633
6252 6252
6897 6897
6316 6316
6815 6815
6857 6857
6263 6263
6874 6874
6828 6828
6247 6247
6105 6105
6665 6665
6859 6859
6093 6093
6583 6583
6274 6274
7103 7103
7307 7307
7500 7500
7527 7527
7567 7567
7013 7013
7189 7189
7224 7224
7228 7228
7544 7544
7611 7611
72 72
6949 6949
7470 7470
7384 7384
7261 7261
7245 7245
6916 6916
7284 7284
7572 7572
7405 7405
6959 6959
7141 7141
7498 7498
7281 7281
7184 7184
6908 6908
7561 7561
7019 7019
7028 7028
7454 7454
7053 7053
7372 7372
71 71
7597 7597
7257 7257
6900 6900
7195 7195
7569 7569
7099 7099
734 734
7538 7538
7134 7134
7613 7613
7297 7297
7493 7493
7339 7339
7011 7011
7190 7190
7244 7244
7311 7311
7163 7163
6934 6934
7376 7376
703 703
7362 7362
7222 7222
7267 7267
7345 7345
7465 7465
7377 7377
6923 6923
6927 6927
7616 7616
6935 6935
7763 7763
8180 8180
8304 8304
7688 7688
7847 7847
8319 8319
7735 7735
7708 7708
7888 7888
7707 7707
7931 7931
8139 8139
8379 8379
7722 7722
7670 7670
8384 8384
8212 8212
8360 8360
8327 8327
8274 8274
7856 7856
810 810
8049 8049
7953 7953
7659 7659
7842 7842
8132 8132
8056 8056
7800 7800
7757 7757
7753 7753
7882 7882
8015 8015
7854 7854
7959 7959
7759 7759
7732 7732
7622 7622
8158 8158
7828 7828
8052 8052
7733 7733
7701 7701
7781 7781
8076 8076
77 77
7646 7646
7857 7857
7798 7798
7912 7912
8204 8204
7907 7907
7693 7693
8085 8085
8766 8766
9223 9223
9218 9218
8930 8930
8432 8432
8991 8991
8469 8469
8588 8588
9046 9046
9243 9243
8578 8578
9195 9195
922 922
9126 9126
9146 9146
8563 8563
9050 9050
891 891
86 86
8990 8990
8656 8656
9217 9217
8534 8534
9259 9259
9023 9023
8466 8466
8947 8947
8844 8844
9107 9107
9079 9079
9129 9129
909 909
8565 8565
8933 8933
8522 8522
8723 8723
9111 9111
8739 8739
8641 8641
8707 8707
9039 9039
8538 8538
9036 9036
9081 9081
8427 8427
8547 8547
8685 8685
9119 9119
8978 8978
8499 8499
8939 8939
8619 8619
8951 8951
9164 9164
8885 8885
8715 8715
8529 8529
9247 9247
8780 8780
8592 8592
8546 8546
8666 8666
9862 9862
9489 9489
9327 9327
9413 9413
9672 9672
9539 9539
9784 9784
9724 9724
9906 9906
9835 9835
9480 9480
9702 9702
9974 9974
9832 9832
994 994
9281 9281
9283 9283
9707 9707
9849 9849
9507 9507
9336 9336
9752 9752
9575 9575
9656 9656
9561 9561
9905 9905
9468 9468
9429 9429
9430 9430
9719 9719
972 972
991 991
9471 9471
9314 9314
9497 9497
9277 9277
945 945
9803 9803
9822 9822
9886 9886
9366 9366
9979 9979
9278 9278
9804 9804
9388 9388
9941 9941
